N:5 M:4 K:4 X:8
Init the map successfully
0 3 3 1
1 0 0 1
3 3 0 3
0 1 2 2
1 3 2 2
(0,0) (0,1) (0,2) (0,3)
(1,0) (1,1) (1,2) (1,3)
(2,0) (2,1) (2,2) (2,3)
(3,0) (3,1) (3,2) (3,3)
(4,0) (4,1) (4,2) (4,3)
the score:6 the count times:6 needed time:0.69ms
Init the map successfully
2 0 2 0
3 2 0 2
0 0 3 3
2 3 1 1
0 3 1 1
(0,0) (0,1) (0,2) (0,3)
(1,0) (1,1) (1,2) (1,3)
(2,0) (2,1) (2,2) (2,3)
(3,0) (3,1) (3,2) (3,3)
(4,0) (4,1) (4,2) (4,3)
the score:9 the count times:36 needed time:3.63ms
Init the map successfully
3 2 3 2
2 2 1 1
3 3 2 3
3 3 0 0
2 1 0 0
(0,0) (0,1) (0,2) (0,3)
(1,0) (1,1) (1,2) (1,3)
(2,0) (2,1) (2,2) (2,3)
(3,0) (3,1) (3,2) (3,3)
(4,0) (4,1) (4,2) (4,3)
the score:3 the count times:7 needed time:2.00ms
Init the map successfully
3 1 2 2
3 2 1 3
1 1 3 3
1 2 0 0
2 3 0 0
(0,0) (0,1) (0,2) (0,3)
(1,0) (1,1) (1,2) (1,3)
(2,0) (2,1) (2,2) (2,3)
(3,0) (3,1) (3,2) (3,3)
(4,0) (4,1) (4,2) (4,3)
the score:3 the count times:10 needed time:1.09ms
Init the map successfully
0 1 0 1
0 1 0 2
1 0 2 2
1 2 3 3
2 2 3 3
(0,0) (0,1) (0,2) (0,3)
(1,0) (1,1) (1,2) (1,3)
(2,0) (2,1) (2,2) (2,3)
(3,0) (3,1) (3,2) (3,3)
(4,0) (4,1) (4,2) (4,3)
the score:4 the count times:20 needed time:3.34ms
Init the map successfully
0 1 3 3
3 1 1 3
1 0 1 1
1 1 2 2
3 0 2 2
(0,0) (0,1) (0,2) (0,3)
(1,0) (1,1) (1,2) (1,3)
(2,0) (2,1) (2,2) (2,3)
(3,0) (3,1) (3,2) (3,3)
(4,0) (4,1) (4,2) (4,3)
the score:6 the count times:52 needed time:7.80ms
Init the map successfully
0 3 2 2
2 2 3 3
3 3 2 0
3 0 1 1
0 3 1 1
(0,0) (0,1) (0,2) (0,3)
(1,0) (1,1) (1,2) (1,3)
(2,0) (2,1) (2,2) (2,3)
(3,0) (3,1) (3,2) (3,3)
(4,0) (4,1) (4,2) (4,3)
the score:7 the count times:20 needed time:2.62ms
Init the map successfully
2 2 0 2
2 3 3 2
3 3 2 0
2 2 1 1
3 3 1 1
(0,0) (0,1) (0,2) (0,3)
(1,0) (1,1) (1,2) (1,3)
(2,0) (2,1) (2,2) (2,3)
(3,0) (3,1) (3,2) (3,3)
(4,0) (4,1) (4,2) (4,3)
the score:6 the count times:31 needed time:3.60ms
Init the map successfully
1 1 3 3
2 3 2 1
1 1 3 3
2 3 0 0
3 2 0 0
(0,0) (0,1) (0,2) (0,3)
(1,0) (1,1) (1,2) (1,3)
(2,0) (2,1) (2,2) (2,3)
(3,0) (3,1) (3,2) (3,3)
(4,0) (4,1) (4,2) (4,3)
the score:4 the count times:9 needed time:1.34ms
Init the map successfully
2 1 1 2
2 1 1 2
1 2 2 1
0 0 3 3
0 0 3 3
(0,0) (0,1) (0,2) (0,3)
(1,0) (1,1) (1,2) (1,3)
(2,0) (2,1) (2,2) (2,3)
(3,0) (3,1) (3,2) (3,3)
(4,0) (4,1) (4,2) (4,3)
the score:4 the count times:4 needed time:0.91ms
The average needed time:2.70ms




N:6 M:4 K:4 X:8
Init the map successfully
3 3 2 3
3 1 2 3
2 3 1 1
2 1 1 3
3 2 0 0
3 3 0 0
(0,0) (0,1) (0,2) (0,3)
(1,0) (1,1) (1,2) (1,3)
(2,0) (2,1) (2,2) (2,3)
(3,0) (3,1) (3,2) (3,3)
(4,0) (4,1) (4,2) (4,3)
(5,0) (5,1) (5,2) (5,3)
the score:13 the count times:139 needed time:14.08ms
Init the map successfully
0 1 2 2
2 2 1 0
2 2 0 0
1 1 2 1
1 1 3 3
2 0 3 3
(0,0) (0,1) (0,2) (0,3)
(1,0) (1,1) (1,2) (1,3)
(2,0) (2,1) (2,2) (2,3)
(3,0) (3,1) (3,2) (3,3)
(4,0) (4,1) (4,2) (4,3)
(5,0) (5,1) (5,2) (5,3)
the score:8 the count times:43 needed time:2.36ms
Init the map successfully
0 3 1 0
1 0 3 0
3 1 3 1
0 1 0 1
0 0 2 2
1 0 2 2
(0,0) (0,1) (0,2) (0,3)
(1,0) (1,1) (1,2) (1,3)
(2,0) (2,1) (2,2) (2,3)
(3,0) (3,1) (3,2) (3,3)
(4,0) (4,1) (4,2) (4,3)
(5,0) (5,1) (5,2) (5,3)
the score:7 the count times:279 needed time:6.77ms
Init the map successfully
1 0 2 2
0 3 2 2
3 3 0 3
2 0 0 3
0 0 1 1
3 3 1 1
(0,0) (0,1) (0,2) (0,3)
(1,0) (1,1) (1,2) (1,3)
(2,0) (2,1) (2,2) (2,3)
(3,0) (3,1) (3,2) (3,3)
(4,0) (4,1) (4,2) (4,3)
(5,0) (5,1) (5,2) (5,3)
the score:8 the count times:81 needed time:3.46ms
Init the map successfully
0 0 3 3
3 0 2 2
3 2 3 0
0 3 0 0
3 3 1 1
2 0 1 1
(0,0) (0,1) (0,2) (0,3)
(1,0) (1,1) (1,2) (1,3)
(2,0) (2,1) (2,2) (2,3)
(3,0) (3,1) (3,2) (3,3)
(4,0) (4,1) (4,2) (4,3)
(5,0) (5,1) (5,2) (5,3)
the score:11 the count times:175 needed time:5.54ms
Init the map successfully
0 3 2 3
2 3 2 2
2 0 0 3
3 2 2 0
2 2 1 1
0 0 1 1
(0,0) (0,1) (0,2) (0,3)
(1,0) (1,1) (1,2) (1,3)
(2,0) (2,1) (2,2) (2,3)
(3,0) (3,1) (3,2) (3,3)
(4,0) (4,1) (4,2) (4,3)
(5,0) (5,1) (5,2) (5,3)
the score:8 the count times:68 needed time:2.34ms
Init the map successfully
1 3 1 2
1 2 3 2
3 3 1 3
1 1 2 3
2 3 0 0
2 3 0 0
(0,0) (0,1) (0,2) (0,3)
(1,0) (1,1) (1,2) (1,3)
(2,0) (2,1) (2,2) (2,3)
(3,0) (3,1) (3,2) (3,3)
(4,0) (4,1) (4,2) (4,3)
(5,0) (5,1) (5,2) (5,3)
the score:8 the count times:42 needed time:1.68ms
Init the map successfully
2 0 2 2
0 0 2 2
0 1 0 0
1 2 1 0
2 0 3 3
0 1 3 3
(0,0) (0,1) (0,2) (0,3)
(1,0) (1,1) (1,2) (1,3)
(2,0) (2,1) (2,2) (2,3)
(3,0) (3,1) (3,2) (3,3)
(4,0) (4,1) (4,2) (4,3)
(5,0) (5,1) (5,2) (5,3)
the score:11 the count times:177 needed time:5.18ms
Init the map successfully
0 1 1 0
3 0 3 1
0 0 3 3
3 3 0 0
1 0 2 2
1 0 2 2
(0,0) (0,1) (0,2) (0,3)
(1,0) (1,1) (1,2) (1,3)
(2,0) (2,1) (2,2) (2,3)
(3,0) (3,1) (3,2) (3,3)
(4,0) (4,1) (4,2) (4,3)
(5,0) (5,1) (5,2) (5,3)
the score:12 the count times:107 needed time:3.11ms
Init the map successfully
3 0 1 0
1 1 0 0
3 1 3 3
1 3 1 0
1 3 2 2
3 1 2 2
(0,0) (0,1) (0,2) (0,3)
(1,0) (1,1) (1,2) (1,3)
(2,0) (2,1) (2,2) (2,3)
(3,0) (3,1) (3,2) (3,3)
(4,0) (4,1) (4,2) (4,3)
(5,0) (5,1) (5,2) (5,3)
the score:8 the count times:469 needed time:16.53ms
The average needed time:6.11ms

