N:6 M:4 K:3 X:1
Init the map successfully
0 1 1 0
1 0 1 1
1 1 0 1
0 1 1 0
0 0 2 2
1 0 2 2
(0,0) (0,1) (0,2) (0,3)
(1,0) (1,1) (1,2) (1,3)
(2,0) (2,1) (2,2) (2,3)
(3,0) (3,1) (3,2) (3,3)
(4,0) (4,1) (4,2) (4,3)
(5,0) (5,1) (5,2) (5,3)
the score:5 the count times:17 needed time:0.16ms
Init the map successfully
1 1 2 1
1 1 2 1
2 2 1 2
2 2 1 1
1 1 0 0
2 1 0 0
(0,0) (0,1) (0,2) (0,3)
(1,0) (1,1) (1,2) (1,3)
(2,0) (2,1) (2,2) (2,3)
(3,0) (3,1) (3,2) (3,3)
(4,0) (4,1) (4,2) (4,3)
(5,0) (5,1) (5,2) (5,3)
the score:8 the count times:12 needed time:0.20ms
Init the map successfully
1 1 2 2
2 2 1 1
1 1 2 2
2 2 1 2
2 2 0 0
1 1 0 0
(0,0) (0,1) (0,2) (0,3)
(1,0) (1,1) (1,2) (1,3)
(2,0) (2,1) (2,2) (2,3)
(3,0) (3,1) (3,2) (3,3)
(4,0) (4,1) (4,2) (4,3)
(5,0) (5,1) (5,2) (5,3)
the score:5 the count times:11 needed time:0.15ms
Init the map successfully
2 2 1 1
1 1 2 2
2 2 1 2
2 1 2 1
1 1 0 0
2 2 0 0
(0,0) (0,1) (0,2) (0,3)
(1,0) (1,1) (1,2) (1,3)
(2,0) (2,1) (2,2) (2,3)
(3,0) (3,1) (3,2) (3,3)
(4,0) (4,1) (4,2) (4,3)
(5,0) (5,1) (5,2) (5,3)
the score:5 the count times:12 needed time:0.19ms
Init the map successfully
2 2 1 2
1 2 2 1
1 1 2 2
2 2 1 2
2 1 0 0
1 2 0 0
(0,0) (0,1) (0,2) (0,3)
(1,0) (1,1) (1,2) (1,3)
(2,0) (2,1) (2,2) (2,3)
(3,0) (3,1) (3,2) (3,3)
(4,0) (4,1) (4,2) (4,3)
(5,0) (5,1) (5,2) (5,3)
the score:6 the count times:15 needed time:0.21ms
Init the map successfully
2 0 2 0
2 0 0 2
0 2 0 2
0 2 2 0
2 0 1 1
0 2 1 1
(0,0) (0,1) (0,2) (0,3)
(1,0) (1,1) (1,2) (1,3)
(2,0) (2,1) (2,2) (2,3)
(3,0) (3,1) (3,2) (3,3)
(4,0) (4,1) (4,2) (4,3)
(5,0) (5,1) (5,2) (5,3)
the score:8 the count times:16 needed time:0.21ms
Init the map successfully
0 0 2 0
0 0 2 2
2 2 0 2
0 0 2 0
0 0 1 1
2 2 1 1
(0,0) (0,1) (0,2) (0,3)
(1,0) (1,1) (1,2) (1,3)
(2,0) (2,1) (2,2) (2,3)
(3,0) (3,1) (3,2) (3,3)
(4,0) (4,1) (4,2) (4,3)
(5,0) (5,1) (5,2) (5,3)
the score:14 the count times:10 needed time:0.16ms
Init the map successfully
0 0 1 1
0 0 1 1
1 1 0 0
0 0 1 1
0 0 2 2
1 1 2 2
(0,0) (0,1) (0,2) (0,3)
(1,0) (1,1) (1,2) (1,3)
(2,0) (2,1) (2,2) (2,3)
(3,0) (3,1) (3,2) (3,3)
(4,0) (4,1) (4,2) (4,3)
(5,0) (5,1) (5,2) (5,3)
the score:14 the count times:8 needed time:0.15ms
Init the map successfully
1 1 0 0
0 0 1 1
0 0 1 1
1 1 0 0
0 1 2 2
0 0 2 2
(0,0) (0,1) (0,2) (0,3)
(1,0) (1,1) (1,2) (1,3)
(2,0) (2,1) (2,2) (2,3)
(3,0) (3,1) (3,2) (3,3)
(4,0) (4,1) (4,2) (4,3)
(5,0) (5,1) (5,2) (5,3)
the score:3 the count times:9 needed time:0.12ms
Init the map successfully
1 0 0 1
1 0 0 1
0 1 1 0
1 1 0 0
1 0 2 2
0 0 2 2
(0,0) (0,1) (0,2) (0,3)
(1,0) (1,1) (1,2) (1,3)
(2,0) (2,1) (2,2) (2,3)
(3,0) (3,1) (3,2) (3,3)
(4,0) (4,1) (4,2) (4,3)
(5,0) (5,1) (5,2) (5,3)
the score:11 the count times:11 needed time:0.20ms
					The average needed time:0.18ms
N:6 M:4 K:3 X:2
Init the map successfully
0 1 0 0
1 1 0 1
1 0 1 1
0 1 0 0
0 0 2 2
1 0 2 2
(0,0) (0,1) (0,2) (0,3)
(1,0) (1,1) (1,2) (1,3)
(2,0) (2,1) (2,2) (2,3)
(3,0) (3,1) (3,2) (3,3)
(4,0) (4,1) (4,2) (4,3)
(5,0) (5,1) (5,2) (5,3)
the score:10 the count times:84 needed time:0.87ms
Init the map successfully
1 1 0 1
1 0 1 1
0 1 1 0
1 0 0 1
1 1 2 2
0 1 2 2
(0,0) (0,1) (0,2) (0,3)
(1,0) (1,1) (1,2) (1,3)
(2,0) (2,1) (2,2) (2,3)
(3,0) (3,1) (3,2) (3,3)
(4,0) (4,1) (4,2) (4,3)
(5,0) (5,1) (5,2) (5,3)
the score:15 the count times:138 needed time:1.32ms
Init the map successfully
1 2 1 2
1 2 1 2
2 1 2 1
2 1 2 2
1 2 0 0
2 2 0 0
(0,0) (0,1) (0,2) (0,3)
(1,0) (1,1) (1,2) (1,3)
(2,0) (2,1) (2,2) (2,3)
(3,0) (3,1) (3,2) (3,3)
(4,0) (4,1) (4,2) (4,3)
(5,0) (5,1) (5,2) (5,3)
the score:11 the count times:103 needed time:1.11ms
Init the map successfully
2 1 1 2
1 1 2 2
1 2 1 1
2 1 1 2
1 1 0 0
2 2 0 0
(0,0) (0,1) (0,2) (0,3)
(1,0) (1,1) (1,2) (1,3)
(2,0) (2,1) (2,2) (2,3)
(3,0) (3,1) (3,2) (3,3)
(4,0) (4,1) (4,2) (4,3)
(5,0) (5,1) (5,2) (5,3)
the score:14 the count times:111 needed time:1.16ms
Init the map successfully
1 2 2 1
1 1 2 1
2 2 1 2
2 1 2 1
1 1 0 0
2 2 0 0
(0,0) (0,1) (0,2) (0,3)
(1,0) (1,1) (1,2) (1,3)
(2,0) (2,1) (2,2) (2,3)
(3,0) (3,1) (3,2) (3,3)
(4,0) (4,1) (4,2) (4,3)
(5,0) (5,1) (5,2) (5,3)
the score:12 the count times:50 needed time:0.85ms
Init the map successfully
2 2 1 2
1 2 2 1
1 1 2 1
2 2 1 2
2 1 0 0
1 2 0 0
(0,0) (0,1) (0,2) (0,3)
(1,0) (1,1) (1,2) (1,3)
(2,0) (2,1) (2,2) (2,3)
(3,0) (3,1) (3,2) (3,3)
(4,0) (4,1) (4,2) (4,3)
(5,0) (5,1) (5,2) (5,3)
the score:13 the count times:84 needed time:0.89ms
Init the map successfully
2 0 0 2
2 0 2 2
0 2 0 0
2 2 0 2
2 0 1 1
0 2 1 1
(0,0) (0,1) (0,2) (0,3)
(1,0) (1,1) (1,2) (1,3)
(2,0) (2,1) (2,2) (2,3)
(3,0) (3,1) (3,2) (3,3)
(4,0) (4,1) (4,2) (4,3)
(5,0) (5,1) (5,2) (5,3)
the score:13 the count times:101 needed time:1.16ms
Init the map successfully
2 0 2 2
2 2 0 0
0 2 0 0
2 0 2 2
2 0 1 1
0 2 1 1
(0,0) (0,1) (0,2) (0,3)
(1,0) (1,1) (1,2) (1,3)
(2,0) (2,1) (2,2) (2,3)
(3,0) (3,1) (3,2) (3,3)
(4,0) (4,1) (4,2) (4,3)
(5,0) (5,1) (5,2) (5,3)
the score:13 the count times:60 needed time:0.88ms
Init the map successfully
0 0 2 0
0 0 2 2
2 2 0 2
2 0 2 0
0 2 1 1
2 0 1 1
(0,0) (0,1) (0,2) (0,3)
(1,0) (1,1) (1,2) (1,3)
(2,0) (2,1) (2,2) (2,3)
(3,0) (3,1) (3,2) (3,3)
(4,0) (4,1) (4,2) (4,3)
(5,0) (5,1) (5,2) (5,3)
the score:15 the count times:78 needed time:1.11ms
Init the map successfully
2 0 2 2
2 0 2 0
0 2 0 0
2 0 0 2
2 0 1 1
0 2 1 1
(0,0) (0,1) (0,2) (0,3)
(1,0) (1,1) (1,2) (1,3)
(2,0) (2,1) (2,2) (2,3)
(3,0) (3,1) (3,2) (3,3)
(4,0) (4,1) (4,2) (4,3)
(5,0) (5,1) (5,2) (5,3)
the score:22 the count times:102 needed time:0.78ms
						The average needed time:1.01ms
N:6 M:4 K:3 X:3
Init the map successfully
1 0 1 0
1 1 0 0
0 0 1 1
0 1 0 0
1 1 2 2
0 0 2 2
(0,0) (0,1) (0,2) (0,3)
(1,0) (1,1) (1,2) (1,3)
(2,0) (2,1) (2,2) (2,3)
(3,0) (3,1) (3,2) (3,3)
(4,0) (4,1) (4,2) (4,3)
(5,0) (5,1) (5,2) (5,3)
the score:14 the count times:186 needed time:3.20ms
Init the map successfully
0 1 1 0
1 0 0 1
1 0 0 1
0 1 1 0
1 1 2 2
1 0 2 2
(0,0) (0,1) (0,2) (0,3)
(1,0) (1,1) (1,2) (1,3)
(2,0) (2,1) (2,2) (2,3)
(3,0) (3,1) (3,2) (3,3)
(4,0) (4,1) (4,2) (4,3)
(5,0) (5,1) (5,2) (5,3)
the score:13 the count times:167 needed time:2.27ms
Init the map successfully
1 1 2 1
1 1 2 2
2 2 1 2
1 2 2 1
1 1 0 0
2 2 0 0
(0,0) (0,1) (0,2) (0,3)
(1,0) (1,1) (1,2) (1,3)
(2,0) (2,1) (2,2) (2,3)
(3,0) (3,1) (3,2) (3,3)
(4,0) (4,1) (4,2) (4,3)
(5,0) (5,1) (5,2) (5,3)
the score:16 the count times:267 needed time:3.39ms
Init the map successfully
1 2 1 2
1 2 1 2
2 1 2 1
1 1 2 1
2 2 0 0
2 2 0 0
(0,0) (0,1) (0,2) (0,3)
(1,0) (1,1) (1,2) (1,3)
(2,0) (2,1) (2,2) (2,3)
(3,0) (3,1) (3,2) (3,3)
(4,0) (4,1) (4,2) (4,3)
(5,0) (5,1) (5,2) (5,3)
the score:14 the count times:163 needed time:2.89ms
Init the map successfully
2 1 1 2
2 1 2 1
1 2 2 1
1 2 1 2
2 1 0 0
2 1 0 0
(0,0) (0,1) (0,2) (0,3)
(1,0) (1,1) (1,2) (1,3)
(2,0) (2,1) (2,2) (2,3)
(3,0) (3,1) (3,2) (3,3)
(4,0) (4,1) (4,2) (4,3)
(5,0) (5,1) (5,2) (5,3)
the score:20 the count times:400 needed time:4.83ms
Init the map successfully
2 1 1 2
2 1 1 2
1 2 2 1
1 1 2 1
2 1 0 0
2 2 0 0
(0,0) (0,1) (0,2) (0,3)
(1,0) (1,1) (1,2) (1,3)
(2,0) (2,1) (2,2) (2,3)
(3,0) (3,1) (3,2) (3,3)
(4,0) (4,1) (4,2) (4,3)
(5,0) (5,1) (5,2) (5,3)
the score:17 the count times:111 needed time:1.91ms
Init the map successfully
2 0 0 2
2 0 0 2
0 2 2 0
0 0 2 0
2 0 1 1
2 2 1 1
(0,0) (0,1) (0,2) (0,3)
(1,0) (1,1) (1,2) (1,3)
(2,0) (2,1) (2,2) (2,3)
(3,0) (3,1) (3,2) (3,3)
(4,0) (4,1) (4,2) (4,3)
(5,0) (5,1) (5,2) (5,3)
the score:17 the count times:111 needed time:1.80ms
Init the map successfully
2 2 0 2
2 2 0 0
0 0 2 2
2 2 0 0
2 2 1 1
0 0 1 1
(0,0) (0,1) (0,2) (0,3)
(1,0) (1,1) (1,2) (1,3)
(2,0) (2,1) (2,2) (2,3)
(3,0) (3,1) (3,2) (3,3)
(4,0) (4,1) (4,2) (4,3)
(5,0) (5,1) (5,2) (5,3)
the score:15 the count times:42 needed time:1.01ms
Init the map successfully
2 0 0 2
2 2 0 0
0 0 2 0
0 2 0 2
2 2 1 1
2 0 1 1
(0,0) (0,1) (0,2) (0,3)
(1,0) (1,1) (1,2) (1,3)
(2,0) (2,1) (2,2) (2,3)
(3,0) (3,1) (3,2) (3,3)
(4,0) (4,1) (4,2) (4,3)
(5,0) (5,1) (5,2) (5,3)
the score:17 the count times:261 needed time:4.12ms
Init the map successfully
1 0 0 1
1 0 1 1
0 1 0 0
1 1 0 0
1 0 2 2
0 0 2 2
(0,0) (0,1) (0,2) (0,3)
(1,0) (1,1) (1,2) (1,3)
(2,0) (2,1) (2,2) (2,3)
(3,0) (3,1) (3,2) (3,3)
(4,0) (4,1) (4,2) (4,3)
(5,0) (5,1) (5,2) (5,3)
the score:14 the count times:190 needed time:3.00ms
					The average needed time:2.84ms
N:6 M:4 K:3 X:4
Init the map successfully
1 1 0 0
0 1 0 0
1 0 1 1
0 1 0 1
0 1 2 2
1 0 2 2
(0,0) (0,1) (0,2) (0,3)
(1,0) (1,1) (1,2) (1,3)
(2,0) (2,1) (2,2) (2,3)
(3,0) (3,1) (3,2) (3,3)
(4,0) (4,1) (4,2) (4,3)
(5,0) (5,1) (5,2) (5,3)
the score:16 the count times:58 needed time:3.11ms
Init the map successfully
1 1 0 1
1 0 1 1
0 0 1 0
1 1 0 1
0 0 2 2
0 1 2 2
(0,0) (0,1) (0,2) (0,3)
(1,0) (1,1) (1,2) (1,3)
(2,0) (2,1) (2,2) (2,3)
(3,0) (3,1) (3,2) (3,3)
(4,0) (4,1) (4,2) (4,3)
(5,0) (5,1) (5,2) (5,3)
the score:13 the count times:676 needed time:12.68ms
Init the map successfully
0 0 1 1
0 0 1 0
1 1 0 1
1 0 1 1
0 1 2 2
0 1 2 2
(0,0) (0,1) (0,2) (0,3)
(1,0) (1,1) (1,2) (1,3)
(2,0) (2,1) (2,2) (2,3)
(3,0) (3,1) (3,2) (3,3)
(4,0) (4,1) (4,2) (4,3)
(5,0) (5,1) (5,2) (5,3)
the score:17 the count times:212 needed time:4.04ms
Init the map successfully
1 2 1 2
1 2 1 2
2 1 2 1
2 2 1 2
1 2 0 0
2 1 0 0
(0,0) (0,1) (0,2) (0,3)
(1,0) (1,1) (1,2) (1,3)
(2,0) (2,1) (2,2) (2,3)
(3,0) (3,1) (3,2) (3,3)
(4,0) (4,1) (4,2) (4,3)
(5,0) (5,1) (5,2) (5,3)
the score:19 the count times:316 needed time:12.35ms
Init the map successfully
2 2 1 2
2 1 1 2
1 1 2 1
1 2 2 1
2 2 0 0
1 1 0 0
(0,0) (0,1) (0,2) (0,3)
(1,0) (1,1) (1,2) (1,3)
(2,0) (2,1) (2,2) (2,3)
(3,0) (3,1) (3,2) (3,3)
(4,0) (4,1) (4,2) (4,3)
(5,0) (5,1) (5,2) (5,3)
the score:16 the count times:884 needed time:14.18ms
Init the map successfully
2 2 1 2
2 1 2 2
1 1 2 1
1 2 1 2
2 2 0 0
1 1 0 0
(0,0) (0,1) (0,2) (0,3)
(1,0) (1,1) (1,2) (1,3)
(2,0) (2,1) (2,2) (2,3)
(3,0) (3,1) (3,2) (3,3)
(4,0) (4,1) (4,2) (4,3)
(5,0) (5,1) (5,2) (5,3)
the score:13 the count times:587 needed time:9.82ms
Init the map successfully
2 2 0 0
0 0 2 0
0 0 2 2
2 2 0 0
0 0 1 1
2 2 1 1
(0,0) (0,1) (0,2) (0,3)
(1,0) (1,1) (1,2) (1,3)
(2,0) (2,1) (2,2) (2,3)
(3,0) (3,1) (3,2) (3,3)
(4,0) (4,1) (4,2) (4,3)
(5,0) (5,1) (5,2) (5,3)
the score:11 the count times:440 needed time:7.19ms
Init the map successfully
2 0 0 2
0 0 2 0
0 2 0 2
2 0 0 2
2 0 1 1
0 2 1 1
(0,0) (0,1) (0,2) (0,3)
(1,0) (1,1) (1,2) (1,3)
(2,0) (2,1) (2,2) (2,3)
(3,0) (3,1) (3,2) (3,3)
(4,0) (4,1) (4,2) (4,3)
(5,0) (5,1) (5,2) (5,3)
the score:19 the count times:931 needed time:12.67ms
Init the map successfully
2 2 0 2
2 0 0 2
0 2 2 0
2 0 2 0
0 0 1 1
0 2 1 1
(0,0) (0,1) (0,2) (0,3)
(1,0) (1,1) (1,2) (1,3)
(2,0) (2,1) (2,2) (2,3)
(3,0) (3,1) (3,2) (3,3)
(4,0) (4,1) (4,2) (4,3)
(5,0) (5,1) (5,2) (5,3)
the score:13 the count times:192 needed time:4.30ms
Init the map successfully
1 1 0 1
1 1 0 0
0 0 1 0
0 1 0 1
1 1 2 2
1 0 2 2
(0,0) (0,1) (0,2) (0,3)
(1,0) (1,1) (1,2) (1,3)
(2,0) (2,1) (2,2) (2,3)
(3,0) (3,1) (3,2) (3,3)
(4,0) (4,1) (4,2) (4,3)
(5,0) (5,1) (5,2) (5,3)
the score:17 the count times:211 needed time:3.93ms
					The average needed time:8.43ms

--------------------------------
Process exited after 41.63 seconds with return value 0
请按任意键继续. . .