N:8 M:6 K:4 X:8
Init the map successfully
2 2 0 0 1 0
0 1 2 0 0 2
2 1 1 2 1 0
1 0 1 1 0 2
1 2 2 1 2 1
0 1 0 2 2 1
2 0 0 1 3 3
0 0 1 2 3 3
(0,0) (0,1) (0,2) (0,3) (0,4) (0,5)
(1,0) (1,1) (1,2) (1,3) (1,4) (1,5)
(2,0) (2,1) (2,2) (2,3) (2,4) (2,5)
(3,0) (3,1) (3,2) (3,3) (3,4) (3,5)
(4,0) (4,1) (4,2) (4,3) (4,4) (4,5)
(5,0) (5,1) (5,2) (5,3) (5,4) (5,5)
(6,0) (6,1) (6,2) (6,3) (6,4) (6,5)
(7,0) (7,1) (7,2) (7,3) (7,4) (7,5)
the score:34 the count times:25885 needed time:719.27ms

--------------------------------
Process exited after 0.9088 seconds with return value 0
请按任意键继续. . .



N:9 M:9 K:6 X:2
Init the map successfully
0 1 1 4 2 0 4 2 2
0 5 5 2 2 1 0 2 4
5 0 2 1 5 2 5 0 2
1 5 4 4 0 5 2 5 2
1 0 0 2 5 0 5 1 5
4 5 2 0 2 2 5 5 4
5 0 1 5 4 1 2 4 0
0 5 1 5 2 5 2 3 3
2 1 2 1 4 1 1 3 3
(0,0) (0,1) (0,2) (0,3) (0,4) (0,5) (0,6) (0,7) (0,8)
(1,0) (1,1) (1,2) (1,3) (1,4) (1,5) (1,6) (1,7) (1,8)
(2,0) (2,1) (2,2) (2,3) (2,4) (2,5) (2,6) (2,7) (2,8)
(3,0) (3,1) (3,2) (3,3) (3,4) (3,5) (3,6) (3,7) (3,8)
(4,0) (4,1) (4,2) (4,3) (4,4) (4,5) (4,6) (4,7) (4,8)
(5,0) (5,1) (5,2) (5,3) (5,4) (5,5) (5,6) (5,7) (5,8)
(6,0) (6,1) (6,2) (6,3) (6,4) (6,5) (6,6) (6,7) (6,8)
(7,0) (7,1) (7,2) (7,3) (7,4) (7,5) (7,6) (7,7) (7,8)
(8,0) (8,1) (8,2) (8,3) (8,4) (8,5) (8,6) (8,7) (8,8)
the score:15 the count times:216 needed time:4.07ms

--------------------------------
Process exited after 0.3074 seconds with return value 0
请按任意键继续. . .


N:9 M:9 K:6 X:3
Init the map successfully
2 5 2 1 2 2 1 2 2
3 3 2 3 3 2 1 5 5
3 1 0 3 0 1 3 3 5
5 0 2 2 1 2 3 1 1
5 0 3 3 5 2 1 2 2
2 3 2 2 0 0 5 1 5
1 5 0 5 3 0 3 3 5
3 5 5 2 2 5 2 4 4
1 0 2 5 3 1 1 4 4
(0,0) (0,1) (0,2) (0,3) (0,4) (0,5) (0,6) (0,7) (0,8)
(1,0) (1,1) (1,2) (1,3) (1,4) (1,5) (1,6) (1,7) (1,8)
(2,0) (2,1) (2,2) (2,3) (2,4) (2,5) (2,6) (2,7) (2,8)
(3,0) (3,1) (3,2) (3,3) (3,4) (3,5) (3,6) (3,7) (3,8)
(4,0) (4,1) (4,2) (4,3) (4,4) (4,5) (4,6) (4,7) (4,8)
(5,0) (5,1) (5,2) (5,3) (5,4) (5,5) (5,6) (5,7) (5,8)
(6,0) (6,1) (6,2) (6,3) (6,4) (6,5) (6,6) (6,7) (6,8)
(7,0) (7,1) (7,2) (7,3) (7,4) (7,5) (7,6) (7,7) (7,8)
(8,0) (8,1) (8,2) (8,3) (8,4) (8,5) (8,6) (8,7) (8,8)
the score:12 the count times:296 needed time:6.97ms

--------------------------------
Process exited after 0.4043 seconds with return value 0
请按任意键继续. . .


N:10 M:10 K:6 X:3
Init the map successfully
2 3 3 0 2 3 5 2 3 2
0 4 0 0 4 2 4 0 3 2
0 3 2 5 5 4 5 5 4 0
2 2 4 3 3 2 2 3 2 2
3 4 0 4 2 3 2 2 5 3
5 0 2 4 0 4 4 2 4 2
4 5 4 3 3 0 5 4 0 0
4 0 2 2 5 4 0 0 2 2
3 0 0 2 5 5 4 3 1 1
3 5 3 4 3 5 0 3 1 1
(0,0) (0,1) (0,2) (0,3) (0,4) (0,5) (0,6) (0,7) (0,8) (0,9)
(1,0) (1,1) (1,2) (1,3) (1,4) (1,5) (1,6) (1,7) (1,8) (1,9)
(2,0) (2,1) (2,2) (2,3) (2,4) (2,5) (2,6) (2,7) (2,8) (2,9)
(3,0) (3,1) (3,2) (3,3) (3,4) (3,5) (3,6) (3,7) (3,8) (3,9)
(4,0) (4,1) (4,2) (4,3) (4,4) (4,5) (4,6) (4,7) (4,8) (4,9)
(5,0) (5,1) (5,2) (5,3) (5,4) (5,5) (5,6) (5,7) (5,8) (5,9)
(6,0) (6,1) (6,2) (6,3) (6,4) (6,5) (6,6) (6,7) (6,8) (6,9)
(7,0) (7,1) (7,2) (7,3) (7,4) (7,5) (7,6) (7,7) (7,8) (7,9)
(8,0) (8,1) (8,2) (8,3) (8,4) (8,5) (8,6) (8,7) (8,8) (8,9)
(9,0) (9,1) (9,2) (9,3) (9,4) (9,5) (9,6) (9,7) (9,8) (9,9)
the score:17 the count times:545 needed time:18.63ms

--------------------------------
Process exited after 0.3558 seconds with return value 0
请按任意键继续. . .



N:12 M:12 K:9 X:3
Init the map successfully
4 6 4 1 3 3 2 0 3 4 1 1
8 3 0 1 2 6 3 3 4 7 3 8
4 7 0 4 3 7 1 1 0 0 7 1
8 6 1 4 1 7 8 6 1 0 0 6
3 7 0 7 3 3 7 1 6 2 2 8
3 6 8 2 0 4 3 0 6 4 4 1
0 0 8 2 4 6 6 1 3 2 2 0
6 2 6 4 2 2 1 1 6 2 2 4
4 0 8 0 6 0 2 4 6 8 7 7
8 2 8 3 0 7 1 1 7 0 4 4
6 8 6 6 8 8 6 6 8 7 5 5
0 3 4 8 7 8 3 2 8 6 5 5
(0,0) (0,1) (0,2) (0,3) (0,4) (0,5) (0,6) (0,7) (0,8) (0,9) (0,10) (0,11)
(1,0) (1,1) (1,2) (1,3) (1,4) (1,5) (1,6) (1,7) (1,8) (1,9) (1,10) (1,11)
(2,0) (2,1) (2,2) (2,3) (2,4) (2,5) (2,6) (2,7) (2,8) (2,9) (2,10) (2,11)
(3,0) (3,1) (3,2) (3,3) (3,4) (3,5) (3,6) (3,7) (3,8) (3,9) (3,10) (3,11)
(4,0) (4,1) (4,2) (4,3) (4,4) (4,5) (4,6) (4,7) (4,8) (4,9) (4,10) (4,11)
(5,0) (5,1) (5,2) (5,3) (5,4) (5,5) (5,6) (5,7) (5,8) (5,9) (5,10) (5,11)
(6,0) (6,1) (6,2) (6,3) (6,4) (6,5) (6,6) (6,7) (6,8) (6,9) (6,10) (6,11)
(7,0) (7,1) (7,2) (7,3) (7,4) (7,5) (7,6) (7,7) (7,8) (7,9) (7,10) (7,11)
(8,0) (8,1) (8,2) (8,3) (8,4) (8,5) (8,6) (8,7) (8,8) (8,9) (8,10) (8,11)
(9,0) (9,1) (9,2) (9,3) (9,4) (9,5) (9,6) (9,7) (9,8) (9,9) (9,10) (9,11)
(10,0) (10,1) (10,2) (10,3) (10,4) (10,5) (10,6) (10,7) (10,8) (10,9) (10,10) (10,11)
(11,0) (11,1) (11,2) (11,3) (11,4) (11,5) (11,6) (11,7) (11,8) (11,9) (11,10) (11,11)
the score:13 the count times:862 needed time:28.29ms

--------------------------------
Process exited after 0.4983 seconds with return value 0
请按任意键继续. . .
