N:6 M:6 K:4 X:8
Init the map successfully
2 2 0 1 1 0
2 1 1 0 2 2
0 1 0 0 1 1
0 0 2 1 1 0
1 0 0 1 3 3
0 1 1 2 3 3
(0,0) (0,1) (0,2) (0,3) (0,4) (0,5)
(1,0) (1,1) (1,2) (1,3) (1,4) (1,5)
(2,0) (2,1) (2,2) (2,3) (2,4) (2,5)
(3,0) (3,1) (3,2) (3,3) (3,4) (3,5)
(4,0) (4,1) (4,2) (4,3) (4,4) (4,5)
(5,0) (5,1) (5,2) (5,3) (5,4) (5,5)
the score:32 the count times:24509 needed time:1045.24ms
Init the map successfully
1 0 0 2 2 0
0 0 1 1 2 1
1 1 2 2 1 1
1 2 2 0 1 0
2 2 0 0 3 3
2 1 1 2 3 3
(0,0) (0,1) (0,2) (0,3) (0,4) (0,5)
(1,0) (1,1) (1,2) (1,3) (1,4) (1,5)
(2,0) (2,1) (2,2) (2,3) (2,4) (2,5)
(3,0) (3,1) (3,2) (3,3) (3,4) (3,5)
(4,0) (4,1) (4,2) (4,3) (4,4) (4,5)
(5,0) (5,1) (5,2) (5,3) (5,4) (5,5)
the score:25 the count times:76058 needed time:3041.79ms
Init the map successfully
2 0 0 3 0 2
3 3 0 3 0 2
0 0 3 0 2 0
2 0 0 2 0 3
0 2 3 3 1 1
0 3 3 0 1 1
(0,0) (0,1) (0,2) (0,3) (0,4) (0,5)
(1,0) (1,1) (1,2) (1,3) (1,4) (1,5)
(2,0) (2,1) (2,2) (2,3) (2,4) (2,5)
(3,0) (3,1) (3,2) (3,3) (3,4) (3,5)
(4,0) (4,1) (4,2) (4,3) (4,4) (4,5)
(5,0) (5,1) (5,2) (5,3) (5,4) (5,5)
the score:21 the count times:39490 needed time:1638.30ms
Init the map successfully
0 1 0 2 0 2
2 0 1 1 2 2
1 2 2 0 2 0
2 2 0 0 1 1
2 0 1 1 3 3
1 0 2 2 3 3
(0,0) (0,1) (0,2) (0,3) (0,4) (0,5)
(1,0) (1,1) (1,2) (1,3) (1,4) (1,5)
(2,0) (2,1) (2,2) (2,3) (2,4) (2,5)
(3,0) (3,1) (3,2) (3,3) (3,4) (3,5)
(4,0) (4,1) (4,2) (4,3) (4,4) (4,5)
(5,0) (5,1) (5,2) (5,3) (5,4) (5,5)
the score:29 the count times:77960 needed time:3014.48ms
Init the map successfully
1 1 0 1 1 0
0 2 2 0 1 2
0 0 2 2 0 1
1 0 1 0 2 0
2 2 0 0 3 3
2 2 0 1 3 3
(0,0) (0,1) (0,2) (0,3) (0,4) (0,5)
(1,0) (1,1) (1,2) (1,3) (1,4) (1,5)
(2,0) (2,1) (2,2) (2,3) (2,4) (2,5)
(3,0) (3,1) (3,2) (3,3) (3,4) (3,5)
(4,0) (4,1) (4,2) (4,3) (4,4) (4,5)
(5,0) (5,1) (5,2) (5,3) (5,4) (5,5)
the score:22 the count times:17829 needed time:617.21ms
Init the map successfully
1 3 3 1 0 1
1 0 0 3 0 3
3 0 0 3 3 1
1 3 1 0 3 1
0 3 0 3 2 2
0 1 1 3 2 2
(0,0) (0,1) (0,2) (0,3) (0,4) (0,5)
(1,0) (1,1) (1,2) (1,3) (1,4) (1,5)
(2,0) (2,1) (2,2) (2,3) (2,4) (2,5)
(3,0) (3,1) (3,2) (3,3) (3,4) (3,5)
(4,0) (4,1) (4,2) (4,3) (4,4) (4,5)
(5,0) (5,1) (5,2) (5,3) (5,4) (5,5)
the score:21 the count times:58396 needed time:1913.09ms
Init the map successfully
3 2 2 0 0 2
0 0 2 0 2 2
2 0 3 3 2 3
2 2 3 0 3 0
0 3 0 3 1 1
0 2 3 3 1 1
(0,0) (0,1) (0,2) (0,3) (0,4) (0,5)
(1,0) (1,1) (1,2) (1,3) (1,4) (1,5)
(2,0) (2,1) (2,2) (2,3) (2,4) (2,5)
(3,0) (3,1) (3,2) (3,3) (3,4) (3,5)
(4,0) (4,1) (4,2) (4,3) (4,4) (4,5)
(5,0) (5,1) (5,2) (5,3) (5,4) (5,5)
the score:21 the count times:38767 needed time:1417.20ms
Init the map successfully
3 2 1 3 2 2
1 3 3 2 2 3
1 1 3 3 1 2
3 2 2 3 3 1
2 2 1 2 0 0
3 1 3 2 0 0
(0,0) (0,1) (0,2) (0,3) (0,4) (0,5)
(1,0) (1,1) (1,2) (1,3) (1,4) (1,5)
(2,0) (2,1) (2,2) (2,3) (2,4) (2,5)
(3,0) (3,1) (3,2) (3,3) (3,4) (3,5)
(4,0) (4,1) (4,2) (4,3) (4,4) (4,5)
(5,0) (5,1) (5,2) (5,3) (5,4) (5,5)
the score:23 the count times:28704 needed time:1138.33ms
Init the map successfully
0 3 0 1 3 3
3 1 0 0 1 0
3 1 1 0 0 1
0 3 0 1 1 0
1 3 1 0 2 2
1 1 0 0 2 2
(0,0) (0,1) (0,2) (0,3) (0,4) (0,5)
(1,0) (1,1) (1,2) (1,3) (1,4) (1,5)
(2,0) (2,1) (2,2) (2,3) (2,4) (2,5)
(3,0) (3,1) (3,2) (3,3) (3,4) (3,5)
(4,0) (4,1) (4,2) (4,3) (4,4) (4,5)
(5,0) (5,1) (5,2) (5,3) (5,4) (5,5)
the score:24 the count times:28777 needed time:1149.79ms
Init the map successfully
3 2 2 0 2 0
2 0 3 3 2 3
3 0 3 3 0 3
0 2 2 0 2 2
0 2 3 0 1 1
3 0 2 3 1 1
(0,0) (0,1) (0,2) (0,3) (0,4) (0,5)
(1,0) (1,1) (1,2) (1,3) (1,4) (1,5)
(2,0) (2,1) (2,2) (2,3) (2,4) (2,5)
(3,0) (3,1) (3,2) (3,3) (3,4) (3,5)
(4,0) (4,1) (4,2) (4,3) (4,4) (4,5)
(5,0) (5,1) (5,2) (5,3) (5,4) (5,5)
the score:19 the count times:14126 needed time:515.22ms
The average needed time:1549.07ms

--------------------------------
Process exited after 16.23 seconds with return value 0
请按任意键继续. . .