N:4 M:8 K:4 X:8
Init the map successfully
3 3 0 1 1 0 1 3
0 1 3 0 0 3 1 3
0 0 3 1 1 0 2 2
3 1 0 1 1 0 2 2
(0,0) (0,1) (0,2) (0,3) (0,4) (0,5) (0,6) (0,7)
(1,0) (1,1) (1,2) (1,3) (1,4) (1,5) (1,6) (1,7)
(2,0) (2,1) (2,2) (2,3) (2,4) (2,5) (2,6) (2,7)
(3,0) (3,1) (3,2) (3,3) (3,4) (3,5) (3,6) (3,7)
the score:15 the count times:1008 needed time:47.63ms
Init the map successfully
0 3 2 3 2 0 2 2
0 0 2 2 0 0 3 0
2 3 3 0 0 2 1 1
2 0 3 3 2 3 1 1
(0,0) (0,1) (0,2) (0,3) (0,4) (0,5) (0,6) (0,7)
(1,0) (1,1) (1,2) (1,3) (1,4) (1,5) (1,6) (1,7)
(2,0) (2,1) (2,2) (2,3) (2,4) (2,5) (2,6) (2,7)
(3,0) (3,1) (3,2) (3,3) (3,4) (3,5) (3,6) (3,7)
the score:10 the count times:1063 needed time:48.68ms
Init the map successfully
3 1 3 2 2 3 2 1
1 3 2 2 3 1 2 3
1 2 3 1 3 3 0 0
2 2 3 2 1 3 0 0
(0,0) (0,1) (0,2) (0,3) (0,4) (0,5) (0,6) (0,7)
(1,0) (1,1) (1,2) (1,3) (1,4) (1,5) (1,6) (1,7)
(2,0) (2,1) (2,2) (2,3) (2,4) (2,5) (2,6) (2,7)
(3,0) (3,1) (3,2) (3,3) (3,4) (3,5) (3,6) (3,7)
the score:17 the count times:4646 needed time:165.78ms
Init the map successfully
1 3 1 2 2 3 2 1
1 3 2 3 2 1 2 2
3 1 3 2 1 2 0 0
3 3 2 1 3 1 0 0
(0,0) (0,1) (0,2) (0,3) (0,4) (0,5) (0,6) (0,7)
(1,0) (1,1) (1,2) (1,3) (1,4) (1,5) (1,6) (1,7)
(2,0) (2,1) (2,2) (2,3) (2,4) (2,5) (2,6) (2,7)
(3,0) (3,1) (3,2) (3,3) (3,4) (3,5) (3,6) (3,7)
the score:24 the count times:29921 needed time:990.06ms
Init the map successfully
1 0 0 2 1 1 2 2
2 2 0 0 1 0 2 2
0 2 1 2 2 0 3 3
0 1 2 0 0 2 3 3
(0,0) (0,1) (0,2) (0,3) (0,4) (0,5) (0,6) (0,7)
(1,0) (1,1) (1,2) (1,3) (1,4) (1,5) (1,6) (1,7)
(2,0) (2,1) (2,2) (2,3) (2,4) (2,5) (2,6) (2,7)
(3,0) (3,1) (3,2) (3,3) (3,4) (3,5) (3,6) (3,7)
the score:15 the count times:460 needed time:17.76ms
Init the map successfully
1 3 3 1 3 0 1 1
1 0 0 3 1 0 0 3
3 0 1 3 1 3 2 2
0 1 0 1 0 1 2 2
(0,0) (0,1) (0,2) (0,3) (0,4) (0,5) (0,6) (0,7)
(1,0) (1,1) (1,2) (1,3) (1,4) (1,5) (1,6) (1,7)
(2,0) (2,1) (2,2) (2,3) (2,4) (2,5) (2,6) (2,7)
(3,0) (3,1) (3,2) (3,3) (3,4) (3,5) (3,6) (3,7)
the score:14 the count times:1877 needed time:77.95ms
Init the map successfully
2 3 2 3 2 3 0 2
0 0 2 2 0 0 2 3
2 0 3 3 0 2 1 1
3 2 2 0 2 0 1 1
(0,0) (0,1) (0,2) (0,3) (0,4) (0,5) (0,6) (0,7)
(1,0) (1,1) (1,2) (1,3) (1,4) (1,5) (1,6) (1,7)
(2,0) (2,1) (2,2) (2,3) (2,4) (2,5) (2,6) (2,7)
(3,0) (3,1) (3,2) (3,3) (3,4) (3,5) (3,6) (3,7)
the score:12 the count times:417 needed time:20.10ms
Init the map successfully
2 0 2 0 3 0 2 2
0 2 3 2 0 0 2 2
0 0 2 2 3 2 1 1
2 0 0 3 2 0 1 1
(0,0) (0,1) (0,2) (0,3) (0,4) (0,5) (0,6) (0,7)
(1,0) (1,1) (1,2) (1,3) (1,4) (1,5) (1,6) (1,7)
(2,0) (2,1) (2,2) (2,3) (2,4) (2,5) (2,6) (2,7)
(3,0) (3,1) (3,2) (3,3) (3,4) (3,5) (3,6) (3,7)
the score:20 the count times:37154 needed time:1026.11ms
Init the map successfully
3 1 3 2 3 2 2 1
2 1 1 2 2 3 1 2
3 3 1 3 1 1 0 0
3 2 2 1 2 2 0 0
(0,0) (0,1) (0,2) (0,3) (0,4) (0,5) (0,6) (0,7)
(1,0) (1,1) (1,2) (1,3) (1,4) (1,5) (1,6) (1,7)
(2,0) (2,1) (2,2) (2,3) (2,4) (2,5) (2,6) (2,7)
(3,0) (3,1) (3,2) (3,3) (3,4) (3,5) (3,6) (3,7)
the score:27 the count times:10304 needed time:320.36ms
Init the map successfully
1 3 1 1 3 1 1 3
3 2 3 1 3 2 2 1
2 1 2 2 1 3 0 0
3 1 1 2 1 1 0 0
(0,0) (0,1) (0,2) (0,3) (0,4) (0,5) (0,6) (0,7)
(1,0) (1,1) (1,2) (1,3) (1,4) (1,5) (1,6) (1,7)
(2,0) (2,1) (2,2) (2,3) (2,4) (2,5) (2,6) (2,7)
(3,0) (3,1) (3,2) (3,3) (3,4) (3,5) (3,6) (3,7)
the score:26 the count times:7729 needed time:259.20ms
The average needed time:297.36ms

--------------------------------
Process exited after 3.463 seconds with return value 0
请按任意键继续. . .