N:4 M:8 K:4 X:8
Init the map successfully
3 3 0 1 1 0 1 3
0 1 3 0 0 3 1 3
0 0 3 1 1 0 2 2
3 1 0 1 1 0 2 2
(0,0) (0,1) (0,2) (0,3) (0,4) (0,5) (0,6) (0,7)
(1,0) (1,1) (1,2) (1,3) (1,4) (1,5) (1,6) (1,7)
(2,0) (2,1) (2,2) (2,3) (2,4) (2,5) (2,6) (2,7)
(3,0) (3,1) (3,2) (3,3) (3,4) (3,5) (3,6) (3,7)
the score:15 the count times:908 needed time:42.44ms
Init the map successfully
0 3 2 3 2 0 2 2
0 0 2 2 0 0 3 0
2 3 3 0 0 2 1 1
2 0 3 3 2 3 1 1
(0,0) (0,1) (0,2) (0,3) (0,4) (0,5) (0,6) (0,7)
(1,0) (1,1) (1,2) (1,3) (1,4) (1,5) (1,6) (1,7)
(2,0) (2,1) (2,2) (2,3) (2,4) (2,5) (2,6) (2,7)
(3,0) (3,1) (3,2) (3,3) (3,4) (3,5) (3,6) (3,7)
the score:10 the count times:769 needed time:38.07ms
Init the map successfully
3 1 3 2 2 3 2 1
1 3 2 2 3 1 2 3
1 2 3 1 3 3 0 0
2 2 3 2 1 3 0 0
(0,0) (0,1) (0,2) (0,3) (0,4) (0,5) (0,6) (0,7)
(1,0) (1,1) (1,2) (1,3) (1,4) (1,5) (1,6) (1,7)
(2,0) (2,1) (2,2) (2,3) (2,4) (2,5) (2,6) (2,7)
(3,0) (3,1) (3,2) (3,3) (3,4) (3,5) (3,6) (3,7)
the score:17 the count times:2657 needed time:124.89ms
Init the map successfully
1 3 1 2 2 3 2 1
1 3 2 3 2 1 2 2
3 1 3 2 1 2 0 0
3 3 2 1 3 1 0 0
(0,0) (0,1) (0,2) (0,3) (0,4) (0,5) (0,6) (0,7)
(1,0) (1,1) (1,2) (1,3) (1,4) (1,5) (1,6) (1,7)
(2,0) (2,1) (2,2) (2,3) (2,4) (2,5) (2,6) (2,7)
(3,0) (3,1) (3,2) (3,3) (3,4) (3,5) (3,6) (3,7)
the score:24 the count times:6444 needed time:278.32ms
Init the map successfully
1 0 0 2 1 1 2 2
2 2 0 0 1 0 2 2
0 2 1 2 2 0 3 3
0 1 2 0 0 2 3 3
(0,0) (0,1) (0,2) (0,3) (0,4) (0,5) (0,6) (0,7)
(1,0) (1,1) (1,2) (1,3) (1,4) (1,5) (1,6) (1,7)
(2,0) (2,1) (2,2) (2,3) (2,4) (2,5) (2,6) (2,7)
(3,0) (3,1) (3,2) (3,3) (3,4) (3,5) (3,6) (3,7)
the score:13 the count times:393 needed time:16.92ms
Init the map successfully
1 3 3 1 3 0 1 1
1 0 0 3 1 0 0 3
3 0 1 3 1 3 2 2
0 1 0 1 0 1 2 2
(0,0) (0,1) (0,2) (0,3) (0,4) (0,5) (0,6) (0,7)
(1,0) (1,1) (1,2) (1,3) (1,4) (1,5) (1,6) (1,7)
(2,0) (2,1) (2,2) (2,3) (2,4) (2,5) (2,6) (2,7)
(3,0) (3,1) (3,2) (3,3) (3,4) (3,5) (3,6) (3,7)
the score:14 the count times:1300 needed time:64.00ms
Init the map successfully
2 3 2 3 2 3 0 2
0 0 2 2 0 0 2 3
2 0 3 3 0 2 1 1
3 2 2 0 2 0 1 1
(0,0) (0,1) (0,2) (0,3) (0,4) (0,5) (0,6) (0,7)
(1,0) (1,1) (1,2) (1,3) (1,4) (1,5) (1,6) (1,7)
(2,0) (2,1) (2,2) (2,3) (2,4) (2,5) (2,6) (2,7)
(3,0) (3,1) (3,2) (3,3) (3,4) (3,5) (3,6) (3,7)
the score:12 the count times:360 needed time:19.16ms
Init the map successfully
2 0 2 0 3 0 2 2
0 2 3 2 0 0 2 2
0 0 2 2 3 2 1 1
2 0 0 3 2 0 1 1
(0,0) (0,1) (0,2) (0,3) (0,4) (0,5) (0,6) (0,7)
(1,0) (1,1) (1,2) (1,3) (1,4) (1,5) (1,6) (1,7)
(2,0) (2,1) (2,2) (2,3) (2,4) (2,5) (2,6) (2,7)
(3,0) (3,1) (3,2) (3,3) (3,4) (3,5) (3,6) (3,7)
the score:20 the count times:5589 needed time:196.68ms
Init the map successfully
3 1 3 2 3 2 2 1
2 1 1 2 2 3 1 2
3 3 1 3 1 1 0 0
3 2 2 1 2 2 0 0
(0,0) (0,1) (0,2) (0,3) (0,4) (0,5) (0,6) (0,7)
(1,0) (1,1) (1,2) (1,3) (1,4) (1,5) (1,6) (1,7)
(2,0) (2,1) (2,2) (2,3) (2,4) (2,5) (2,6) (2,7)
(3,0) (3,1) (3,2) (3,3) (3,4) (3,5) (3,6) (3,7)
the score:27 the count times:3078 needed time:130.05ms
Init the map successfully
1 3 1 1 3 1 1 3
3 2 3 1 3 2 2 1
2 1 2 2 1 3 0 0
3 1 1 2 1 1 0 0
(0,0) (0,1) (0,2) (0,3) (0,4) (0,5) (0,6) (0,7)
(1,0) (1,1) (1,2) (1,3) (1,4) (1,5) (1,6) (1,7)
(2,0) (2,1) (2,2) (2,3) (2,4) (2,5) (2,6) (2,7)
(3,0) (3,1) (3,2) (3,3) (3,4) (3,5) (3,6) (3,7)
the score:26 the count times:3008 needed time:118.52ms
The average needed time:102.91ms

--------------------------------
Process exited after 1.608 seconds with return value 0
请按任意键继续. . .