N:6 M:6 K:4 X:8
Init the map successfully
2 2 0 1 1 0
2 1 1 0 2 2
0 1 0 0 1 1
0 0 2 1 1 0
1 0 0 1 3 3
0 1 1 2 3 3
(0,0) (0,1) (0,2) (0,3) (0,4) (0,5)
(1,0) (1,1) (1,2) (1,3) (1,4) (1,5)
(2,0) (2,1) (2,2) (2,3) (2,4) (2,5)
(3,0) (3,1) (3,2) (3,3) (3,4) (3,5)
(4,0) (4,1) (4,2) (4,3) (4,4) (4,5)
(5,0) (5,1) (5,2) (5,3) (5,4) (5,5)
the score:32 the count times:124409 needed time:4382.84ms
Init the map successfully
1 0 0 2 2 0
0 0 1 1 2 1
1 1 2 2 1 1
1 2 2 0 1 0
2 2 0 0 3 3
2 1 1 2 3 3
(0,0) (0,1) (0,2) (0,3) (0,4) (0,5)
(1,0) (1,1) (1,2) (1,3) (1,4) (1,5)
(2,0) (2,1) (2,2) (2,3) (2,4) (2,5)
(3,0) (3,1) (3,2) (3,3) (3,4) (3,5)
(4,0) (4,1) (4,2) (4,3) (4,4) (4,5)
(5,0) (5,1) (5,2) (5,3) (5,4) (5,5)
the score:25 the count times:110453 needed time:2999.47ms
Init the map successfully
2 0 0 3 0 2
3 3 0 3 0 2
0 0 3 0 2 0
2 0 0 2 0 3
0 2 3 3 1 1
0 3 3 0 1 1
(0,0) (0,1) (0,2) (0,3) (0,4) (0,5)
(1,0) (1,1) (1,2) (1,3) (1,4) (1,5)
(2,0) (2,1) (2,2) (2,3) (2,4) (2,5)
(3,0) (3,1) (3,2) (3,3) (3,4) (3,5)
(4,0) (4,1) (4,2) (4,3) (4,4) (4,5)
(5,0) (5,1) (5,2) (5,3) (5,4) (5,5)
the score:21 the count times:50723 needed time:1663.43ms
Init the map successfully
0 1 0 2 0 2
2 0 1 1 2 2
1 2 2 0 2 0
2 2 0 0 1 1
2 0 1 1 3 3
1 0 2 2 3 3
(0,0) (0,1) (0,2) (0,3) (0,4) (0,5)
(1,0) (1,1) (1,2) (1,3) (1,4) (1,5)
(2,0) (2,1) (2,2) (2,3) (2,4) (2,5)
(3,0) (3,1) (3,2) (3,3) (3,4) (3,5)
(4,0) (4,1) (4,2) (4,3) (4,4) (4,5)
(5,0) (5,1) (5,2) (5,3) (5,4) (5,5)
the score:29 the count times:149761 needed time:4972.59ms
Init the map successfully
1 1 0 1 1 0
0 2 2 0 1 2
0 0 2 2 0 1
1 0 1 0 2 0
2 2 0 0 3 3
2 2 0 1 3 3
(0,0) (0,1) (0,2) (0,3) (0,4) (0,5)
(1,0) (1,1) (1,2) (1,3) (1,4) (1,5)
(2,0) (2,1) (2,2) (2,3) (2,4) (2,5)
(3,0) (3,1) (3,2) (3,3) (3,4) (3,5)
(4,0) (4,1) (4,2) (4,3) (4,4) (4,5)
(5,0) (5,1) (5,2) (5,3) (5,4) (5,5)
the score:22 the count times:20126 needed time:734.19ms
Init the map successfully
1 3 3 1 0 1
1 0 0 3 0 3
3 0 0 3 3 1
1 3 1 0 3 1
0 3 0 3 2 2
0 1 1 3 2 2
(0,0) (0,1) (0,2) (0,3) (0,4) (0,5)
(1,0) (1,1) (1,2) (1,3) (1,4) (1,5)
(2,0) (2,1) (2,2) (2,3) (2,4) (2,5)
(3,0) (3,1) (3,2) (3,3) (3,4) (3,5)
(4,0) (4,1) (4,2) (4,3) (4,4) (4,5)
(5,0) (5,1) (5,2) (5,3) (5,4) (5,5)
the score:21 the count times:75041 needed time:1932.52ms
Init the map successfully
3 2 2 0 0 2
0 0 2 0 2 2
2 0 3 3 2 3
2 2 3 0 3 0
0 3 0 3 1 1
0 2 3 3 1 1
(0,0) (0,1) (0,2) (0,3) (0,4) (0,5)
(1,0) (1,1) (1,2) (1,3) (1,4) (1,5)
(2,0) (2,1) (2,2) (2,3) (2,4) (2,5)
(3,0) (3,1) (3,2) (3,3) (3,4) (3,5)
(4,0) (4,1) (4,2) (4,3) (4,4) (4,5)
(5,0) (5,1) (5,2) (5,3) (5,4) (5,5)
the score:21 the count times:45673 needed time:1434.85ms
Init the map successfully
3 2 1 3 2 2
1 3 3 2 2 3
1 1 3 3 1 2
3 2 2 3 3 1
2 2 1 2 0 0
3 1 3 2 0 0
(0,0) (0,1) (0,2) (0,3) (0,4) (0,5)
(1,0) (1,1) (1,2) (1,3) (1,4) (1,5)
(2,0) (2,1) (2,2) (2,3) (2,4) (2,5)
(3,0) (3,1) (3,2) (3,3) (3,4) (3,5)
(4,0) (4,1) (4,2) (4,3) (4,4) (4,5)
(5,0) (5,1) (5,2) (5,3) (5,4) (5,5)
the score:23 the count times:34444 needed time:1291.13ms
Init the map successfully
0 3 0 1 3 3
3 1 0 0 1 0
3 1 1 0 0 1
0 3 0 1 1 0
1 3 1 0 2 2
1 1 0 0 2 2
(0,0) (0,1) (0,2) (0,3) (0,4) (0,5)
(1,0) (1,1) (1,2) (1,3) (1,4) (1,5)
(2,0) (2,1) (2,2) (2,3) (2,4) (2,5)
(3,0) (3,1) (3,2) (3,3) (3,4) (3,5)
(4,0) (4,1) (4,2) (4,3) (4,4) (4,5)
(5,0) (5,1) (5,2) (5,3) (5,4) (5,5)
the score:24 the count times:57005 needed time:1947.97ms
Init the map successfully
3 2 2 0 2 0
2 0 3 3 2 3
3 0 3 3 0 3
0 2 2 0 2 2
0 2 3 0 1 1
3 0 2 3 1 1
(0,0) (0,1) (0,2) (0,3) (0,4) (0,5)
(1,0) (1,1) (1,2) (1,3) (1,4) (1,5)
(2,0) (2,1) (2,2) (2,3) (2,4) (2,5)
(3,0) (3,1) (3,2) (3,3) (3,4) (3,5)
(4,0) (4,1) (4,2) (4,3) (4,4) (4,5)
(5,0) (5,1) (5,2) (5,3) (5,4) (5,5)
the score:19 the count times:44972 needed time:1400.54ms
The average needed time:2275.95ms

--------------------------------
Process exited after 23.39 seconds with return value 0
请按任意键继续. . .