N:6 M:6 K:4 X:8
Init the map successfully
2 1 0 3 0 0
0 1 2 3 3 1
0 3 0 2 3 2
2 3 1 1 2 3
1 0 3 2 2 3
0 0 3 0 1 1
(0,0) (0,1) (0,2) (0,3) (0,4) (0,5)
(1,0) (1,1) (1,2) (1,3) (1,4) (1,5)
(2,0) (2,1) (2,2) (2,3) (2,4) (2,5)
(3,0) (3,1) (3,2) (3,3) (3,4) (3,5)
(4,0) (4,1) (4,2) (4,3) (4,4) (4,5)
(5,0) (5,1) (5,2) (5,3) (5,4) (5,5)
the score:21 the count times:15637 needed time:1028.01ms
The average needed time:1028.01ms
N:4 M:8 K:4 X:8
Init the map successfully
3 2 0 2 3 0 0 2
2 0 3 1 3 2 0 0
1 3 1 0 1 2 1 2
0 3 0 2 3 0 1 1
(0,0) (0,1) (0,2) (0,3) (0,4) (0,5) (0,6) (0,7)
(1,0) (1,1) (1,2) (1,3) (1,4) (1,5) (1,6) (1,7)
(2,0) (2,1) (2,2) (2,3) (2,4) (2,5) (2,6) (2,7)
(3,0) (3,1) (3,2) (3,3) (3,4) (3,5) (3,6) (3,7)
the score:9 the count times:249 needed time:21.30ms
The average needed time:21.30ms
N:8 M:4 K:4 X:8
Init the map successfully
3 2 0 2
3 2 0 2
2 3 3 1
3 2 0 0
1 3 1 0
1 2 1 2
0 3 0 2
3 0 1 1
(0,0) (0,1) (0,2) (0,3)
(1,0) (1,1) (1,2) (1,3)
(2,0) (2,1) (2,2) (2,3)
(3,0) (3,1) (3,2) (3,3)
(4,0) (4,1) (4,2) (4,3)
(5,0) (5,1) (5,2) (5,3)
(6,0) (6,1) (6,2) (6,3)
(7,0) (7,1) (7,2) (7,3)
the score:16 the count times:5386 needed time:300.22ms
The average needed time:300.22ms

--------------------------------
Process exited after 1.714 seconds with return value 0
请按任意键继续. . .