N:6 M:6 K:4 X:8
Init the map successfully
2 2 0 1 1 0
2 1 1 0 2 2
0 1 0 0 1 1
0 0 2 1 1 0
1 0 0 1 3 3
0 1 1 2 3 3
(0,0) (0,1) (0,2) (0,3) (0,4) (0,5)
(1,0) (1,1) (1,2) (1,3) (1,4) (1,5)
(2,0) (2,1) (2,2) (2,3) (2,4) (2,5)
(3,0) (3,1) (3,2) (3,3) (3,4) (3,5)
(4,0) (4,1) (4,2) (4,3) (4,4) (4,5)
(5,0) (5,1) (5,2) (5,3) (5,4) (5,5)
the score:32 the count times:167517 needed time:5161.97ms
Init the map successfully
1 0 0 2 2 0
0 0 1 1 2 1
1 1 2 2 1 1
1 2 2 0 1 0
2 2 0 0 3 3
2 1 1 2 3 3
(0,0) (0,1) (0,2) (0,3) (0,4) (0,5)
(1,0) (1,1) (1,2) (1,3) (1,4) (1,5)
(2,0) (2,1) (2,2) (2,3) (2,4) (2,5)
(3,0) (3,1) (3,2) (3,3) (3,4) (3,5)
(4,0) (4,1) (4,2) (4,3) (4,4) (4,5)
(5,0) (5,1) (5,2) (5,3) (5,4) (5,5)
the score:25 the count times:140997 needed time:3177.79ms
Init the map successfully
2 0 0 3 0 2
3 3 0 3 0 2
0 0 3 0 2 0
2 0 0 2 0 3
0 2 3 3 1 1
0 3 3 0 1 1
(0,0) (0,1) (0,2) (0,3) (0,4) (0,5)
(1,0) (1,1) (1,2) (1,3) (1,4) (1,5)
(2,0) (2,1) (2,2) (2,3) (2,4) (2,5)
(3,0) (3,1) (3,2) (3,3) (3,4) (3,5)
(4,0) (4,1) (4,2) (4,3) (4,4) (4,5)
(5,0) (5,1) (5,2) (5,3) (5,4) (5,5)
the score:21 the count times:59237 needed time:1715.47ms
Init the map successfully
0 1 0 2 0 2
2 0 1 1 2 2
1 2 2 0 2 0
2 2 0 0 1 1
2 0 1 1 3 3
1 0 2 2 3 3
(0,0) (0,1) (0,2) (0,3) (0,4) (0,5)
(1,0) (1,1) (1,2) (1,3) (1,4) (1,5)
(2,0) (2,1) (2,2) (2,3) (2,4) (2,5)
(3,0) (3,1) (3,2) (3,3) (3,4) (3,5)
(4,0) (4,1) (4,2) (4,3) (4,4) (4,5)
(5,0) (5,1) (5,2) (5,3) (5,4) (5,5)
the score:32 the count times:206340 needed time:5813.87ms
Init the map successfully
1 1 0 1 1 0
0 2 2 0 1 2
0 0 2 2 0 1
1 0 1 0 2 0
2 2 0 0 3 3
2 2 0 1 3 3
(0,0) (0,1) (0,2) (0,3) (0,4) (0,5)
(1,0) (1,1) (1,2) (1,3) (1,4) (1,5)
(2,0) (2,1) (2,2) (2,3) (2,4) (2,5)
(3,0) (3,1) (3,2) (3,3) (3,4) (3,5)
(4,0) (4,1) (4,2) (4,3) (4,4) (4,5)
(5,0) (5,1) (5,2) (5,3) (5,4) (5,5)
the score:22 the count times:24962 needed time:689.31ms
Init the map successfully
1 3 3 1 0 1
1 0 0 3 0 3
3 0 0 3 3 1
1 3 1 0 3 1
0 3 0 3 2 2
0 1 1 3 2 2
(0,0) (0,1) (0,2) (0,3) (0,4) (0,5)
(1,0) (1,1) (1,2) (1,3) (1,4) (1,5)
(2,0) (2,1) (2,2) (2,3) (2,4) (2,5)
(3,0) (3,1) (3,2) (3,3) (3,4) (3,5)
(4,0) (4,1) (4,2) (4,3) (4,4) (4,5)
(5,0) (5,1) (5,2) (5,3) (5,4) (5,5)
the score:21 the count times:91014 needed time:2019.08ms
Init the map successfully
3 2 2 0 0 2
0 0 2 0 2 2
2 0 3 3 2 3
2 2 3 0 3 0
0 3 0 3 1 1
0 2 3 3 1 1
(0,0) (0,1) (0,2) (0,3) (0,4) (0,5)
(1,0) (1,1) (1,2) (1,3) (1,4) (1,5)
(2,0) (2,1) (2,2) (2,3) (2,4) (2,5)
(3,0) (3,1) (3,2) (3,3) (3,4) (3,5)
(4,0) (4,1) (4,2) (4,3) (4,4) (4,5)
(5,0) (5,1) (5,2) (5,3) (5,4) (5,5)
the score:21 the count times:57173 needed time:1594.80ms
Init the map successfully
3 2 1 3 2 2
1 3 3 2 2 3
1 1 3 3 1 2
3 2 2 3 3 1
2 2 1 2 0 0
3 1 3 2 0 0
(0,0) (0,1) (0,2) (0,3) (0,4) (0,5)
(1,0) (1,1) (1,2) (1,3) (1,4) (1,5)
(2,0) (2,1) (2,2) (2,3) (2,4) (2,5)
(3,0) (3,1) (3,2) (3,3) (3,4) (3,5)
(4,0) (4,1) (4,2) (4,3) (4,4) (4,5)
(5,0) (5,1) (5,2) (5,3) (5,4) (5,5)
the score:23 the count times:37135 needed time:1220.67ms
Init the map successfully
0 3 0 1 3 3
3 1 0 0 1 0
3 1 1 0 0 1
0 3 0 1 1 0
1 3 1 0 2 2
1 1 0 0 2 2
(0,0) (0,1) (0,2) (0,3) (0,4) (0,5)
(1,0) (1,1) (1,2) (1,3) (1,4) (1,5)
(2,0) (2,1) (2,2) (2,3) (2,4) (2,5)
(3,0) (3,1) (3,2) (3,3) (3,4) (3,5)
(4,0) (4,1) (4,2) (4,3) (4,4) (4,5)
(5,0) (5,1) (5,2) (5,3) (5,4) (5,5)
the score:24 the count times:74572 needed time:2341.33ms
Init the map successfully
3 2 2 0 2 0
2 0 3 3 2 3
3 0 3 3 0 3
0 2 2 0 2 2
0 2 3 0 1 1
3 0 2 3 1 1
(0,0) (0,1) (0,2) (0,3) (0,4) (0,5)
(1,0) (1,1) (1,2) (1,3) (1,4) (1,5)
(2,0) (2,1) (2,2) (2,3) (2,4) (2,5)
(3,0) (3,1) (3,2) (3,3) (3,4) (3,5)
(4,0) (4,1) (4,2) (4,3) (4,4) (4,5)
(5,0) (5,1) (5,2) (5,3) (5,4) (5,5)
the score:19 the count times:69527 needed time:2058.56ms
The average needed time:2579.28ms

--------------------------------
Process exited after 26.52 seconds with return value 0
请按任意键继续. . .