N:4 M:8 K:4 X:8
Init the map successfully
3 3 0 1 1 0 1 3
0 1 3 0 0 3 1 3
0 0 3 1 1 0 2 2
3 1 0 1 1 0 2 2
(0,0) (0,1) (0,2) (0,3) (0,4) (0,5) (0,6) (0,7)
(1,0) (1,1) (1,2) (1,3) (1,4) (1,5) (1,6) (1,7)
(2,0) (2,1) (2,2) (2,3) (2,4) (2,5) (2,6) (2,7)
(3,0) (3,1) (3,2) (3,3) (3,4) (3,5) (3,6) (3,7)
the score:15 the count times:1021 needed time:47.62ms
Init the map successfully
0 3 2 3 2 0 2 2
0 0 2 2 0 0 3 0
2 3 3 0 0 2 1 1
2 0 3 3 2 3 1 1
(0,0) (0,1) (0,2) (0,3) (0,4) (0,5) (0,6) (0,7)
(1,0) (1,1) (1,2) (1,3) (1,4) (1,5) (1,6) (1,7)
(2,0) (2,1) (2,2) (2,3) (2,4) (2,5) (2,6) (2,7)
(3,0) (3,1) (3,2) (3,3) (3,4) (3,5) (3,6) (3,7)
the score:10 the count times:1074 needed time:42.61ms
Init the map successfully
3 1 3 2 2 3 2 1
1 3 2 2 3 1 2 3
1 2 3 1 3 3 0 0
2 2 3 2 1 3 0 0
(0,0) (0,1) (0,2) (0,3) (0,4) (0,5) (0,6) (0,7)
(1,0) (1,1) (1,2) (1,3) (1,4) (1,5) (1,6) (1,7)
(2,0) (2,1) (2,2) (2,3) (2,4) (2,5) (2,6) (2,7)
(3,0) (3,1) (3,2) (3,3) (3,4) (3,5) (3,6) (3,7)
the score:17 the count times:4820 needed time:156.66ms
Init the map successfully
1 3 1 2 2 3 2 1
1 3 2 3 2 1 2 2
3 1 3 2 1 2 0 0
3 3 2 1 3 1 0 0
(0,0) (0,1) (0,2) (0,3) (0,4) (0,5) (0,6) (0,7)
(1,0) (1,1) (1,2) (1,3) (1,4) (1,5) (1,6) (1,7)
(2,0) (2,1) (2,2) (2,3) (2,4) (2,5) (2,6) (2,7)
(3,0) (3,1) (3,2) (3,3) (3,4) (3,5) (3,6) (3,7)
the score:24 the count times:38735 needed time:1055.61ms
Init the map successfully
1 0 0 2 1 1 2 2
2 2 0 0 1 0 2 2
0 2 1 2 2 0 3 3
0 1 2 0 0 2 3 3
(0,0) (0,1) (0,2) (0,3) (0,4) (0,5) (0,6) (0,7)
(1,0) (1,1) (1,2) (1,3) (1,4) (1,5) (1,6) (1,7)
(2,0) (2,1) (2,2) (2,3) (2,4) (2,5) (2,6) (2,7)
(3,0) (3,1) (3,2) (3,3) (3,4) (3,5) (3,6) (3,7)
the score:15 the count times:460 needed time:17.60ms
Init the map successfully
1 3 3 1 3 0 1 1
1 0 0 3 1 0 0 3
3 0 1 3 1 3 2 2
0 1 0 1 0 1 2 2
(0,0) (0,1) (0,2) (0,3) (0,4) (0,5) (0,6) (0,7)
(1,0) (1,1) (1,2) (1,3) (1,4) (1,5) (1,6) (1,7)
(2,0) (2,1) (2,2) (2,3) (2,4) (2,5) (2,6) (2,7)
(3,0) (3,1) (3,2) (3,3) (3,4) (3,5) (3,6) (3,7)
the score:14 the count times:1958 needed time:75.77ms
Init the map successfully
2 3 2 3 2 3 0 2
0 0 2 2 0 0 2 3
2 0 3 3 0 2 1 1
3 2 2 0 2 0 1 1
(0,0) (0,1) (0,2) (0,3) (0,4) (0,5) (0,6) (0,7)
(1,0) (1,1) (1,2) (1,3) (1,4) (1,5) (1,6) (1,7)
(2,0) (2,1) (2,2) (2,3) (2,4) (2,5) (2,6) (2,7)
(3,0) (3,1) (3,2) (3,3) (3,4) (3,5) (3,6) (3,7)
the score:12 the count times:418 needed time:19.72ms
Init the map successfully
2 0 2 0 3 0 2 2
0 2 3 2 0 0 2 2
0 0 2 2 3 2 1 1
2 0 0 3 2 0 1 1
(0,0) (0,1) (0,2) (0,3) (0,4) (0,5) (0,6) (0,7)
(1,0) (1,1) (1,2) (1,3) (1,4) (1,5) (1,6) (1,7)
(2,0) (2,1) (2,2) (2,3) (2,4) (2,5) (2,6) (2,7)
(3,0) (3,1) (3,2) (3,3) (3,4) (3,5) (3,6) (3,7)
the score:20 the count times:39921 needed time:1028.44ms
Init the map successfully
3 1 3 2 3 2 2 1
2 1 1 2 2 3 1 2
3 3 1 3 1 1 0 0
3 2 2 1 2 2 0 0
(0,0) (0,1) (0,2) (0,3) (0,4) (0,5) (0,6) (0,7)
(1,0) (1,1) (1,2) (1,3) (1,4) (1,5) (1,6) (1,7)
(2,0) (2,1) (2,2) (2,3) (2,4) (2,5) (2,6) (2,7)
(3,0) (3,1) (3,2) (3,3) (3,4) (3,5) (3,6) (3,7)
the score:27 the count times:11711 needed time:339.96ms
Init the map successfully
1 3 1 1 3 1 1 3
3 2 3 1 3 2 2 1
2 1 2 2 1 3 0 0
3 1 1 2 1 1 0 0
(0,0) (0,1) (0,2) (0,3) (0,4) (0,5) (0,6) (0,7)
(1,0) (1,1) (1,2) (1,3) (1,4) (1,5) (1,6) (1,7)
(2,0) (2,1) (2,2) (2,3) (2,4) (2,5) (2,6) (2,7)
(3,0) (3,1) (3,2) (3,3) (3,4) (3,5) (3,6) (3,7)
the score:26 the count times:8685 needed time:308.63ms
The average needed time:309.26ms
